[{"id": 0, "img_name": "DSCF0656", "width": 3115, "height": 2078, "position": [-3.504200199464465, 1.9112193314103354, -0.7310674927633086], "rotation": [[0.5945884113529734, -0.21962632761896156, 0.7734525824517983], [0.4419520485667952, 0.8928866037465515, -0.08620846604343213], [-0.6716718006976031, 0.39308750815379134, 0.6279643326504162]], "fy": 3240.8079303073573, "fx": 3231.5814007282897}, {"id": 1, "img_name": "DSCF0664", "width": 3115, "height": 2078, "position": [-2.4625439597145733, 2.345285071257704, -1.6663571381310145], "rotation": [[0.8442445060170025, -0.171707964271384, 0.5077081731328389], [0.29412408554396313, 0.9403343554157629, -0.17106233462615003], [-0.4480426724800161, 0.2937476383404615, 0.8443755613507336]], "fy": 3240.8079303073573, "fx": 3231.5814007282897}, {"id": 2, "img_name": "DSCF0672", "width": 3115, "height": 2078, "position": [-0.9988092329331574, 2.6887192890648532, -2.1618935601553284], "rotation": [[0.9809708107725671, -0.10347392467139052, 0.1642845559549399], [0.13812118843617024, 0.9665871164390124, -0.2159441678746961], [-0.1364507446560565, 0.2345261035518528, 0.9624856887432629]], "fy": 3240.8079303073573, "fx": 3231.5814007282897}, {"id": 3, "img_name": "DSCF0680", "width": 3115, "height": 2078, "position": [-0.8460202739659503, 2.0321745547014816, -2.8693675074902423], "rotation": [[0.976386660863964, -0.13475688266523636, 0.16884807094327883], [0.14642686319110024, 0.9874826486729393, -0.0586275729148971], [-0.15883407135414493, 0.08196707353702762, 0.9838969136209554]], "fy": 3240.8079303073573, "fx": 3231.5814007282897}, {"id": 4, "img_name": "DSCF0688", "width": 3115, "height": 2078, "position": [-2.7463395062724842, 1.688979721992881, -2.1863830931869583], "rotation": [[0.776052909757842, -0.31341838862179133, 0.5472757942117542], [0.3586937045920397, 0.9331004258641341, 0.025737551130795778], [-0.518729898446605, 0.17633068061426962, 0.8365565034901605]], "fy": 3240.8079303073573, "fx": 3231.5814007282897}, {"id": 5, "img_name": "DSCF0696", "width": 3115, "height": 2078, "position": [-4.028152606623819, 0.8318033482178542, -0.9052383338295754], "rotation": [[0.4387897094442308, -0.43975860678974954, 0.7836299883492119], [0.5322224960914798, 0.8298344396845629, 0.16767235123168725], [-0.724018511876597, 0.34349260613257176, 0.5981722360593575]], "fy": 3240.8079303073573, "fx": 3231.5814007282897}, {"id": 6, "img_name": "DSCF0704", "width": 3115, "height": 2078, "position": [-2.7938015647127017, 0.2947137066261457, -2.3380365329926005], "rotation": [[0.7375495681456348, -0.49839300440066164, 0.4556589159587133], [0.39982344960360516, 0.8660659334094432, 0.30011832355706536], [-0.5442075373194136, -0.03916902031085348, 0.8380357654495582]], "fy": 3240.8079303073573, "fx": 3231.5814007282897}, {"id": 7, "img_name": "DSCF0712", "width": 3115, "height": 2078, "position": [-0.8811622339498997, 1.3563941592213726, -2.835891342283334], "rotation": [[0.9899783045103178, -0.10876440754471807, 0.09007363793210066], [0.09746573614401338, 0.9877898671407432, 0.12153850686913267], [-0.102192890539324, -0.11154139153479804, 0.9884913409320786]], "fy": 3240.8079303073573, "fx": 3231.5814007282897}, {"id": 8, "img_name": "DSCF0720", "width": 3115, "height": 2078, "position": [-0.09152129049557911, 2.841183915267326, -2.7177156946070045], "rotation": [[0.9970661389916211, 0.016648516851419673, -0.07471239096019518], [-0.03515363604406003, 0.9666335855466693, -0.2537394986321042], [0.06799512003977067, 0.2556214744105781, 0.9643828728627128]], "fy": 3240.8079303073573, "fx": 3231.5814007282897}, {"id": 9, "img_name": "DSCF0728", "width": 3115, "height": 2078, "position": [2.5282675341240197, 1.9967493303077726, -1.4598594625997567], "rotation": [[0.6016345900300155, 0.3170397509610917, -0.7331586570381231], [-0.47112965995581985, 0.8820487126240971, -0.005187684270100885], [0.6450369474606308, 0.3485338790830838, 0.6800378456688786]], "fy": 3240.8079303073573, "fx": 3231.5814007282897}, {"id": 10, "img_name": "DSCF0736", "width": 3115, "height": 2078, "position": [3.1006825928587096, 0.7425443680088837, -1.2307779056443888], "rotation": [[0.45232930980748187, 0.46668889849694506, -0.7599997812557546], [-0.5468433271328041, 0.8183053727785365, 0.1770273776908672], [0.7045286162104503, 0.33552613743416193, 0.6253492144706828]], "fy": 3240.8079303073573, "fx": 3231.5814007282897}, {"id": 11, "img_name": "DSCF0744", "width": 3115, "height": 2078, "position": [1.813475961880999, 1.6620699919439825, -2.4137926882186655], "rotation": [[0.7685493868906293, 0.39134506491462745, -0.5061431418847875], [-0.40931245871808025, 0.9087790296336726, 0.08114176751981707], [0.49172670361512577, 0.14480923818957914, 0.8586239767714128]], "fy": 3240.8079303073573, "fx": 3231.5814007282897}, {"id": 12, "img_name": "DSCF0752", "width": 3115, "height": 2078, "position": [1.9122315876088096, 0.8584009347864447, -2.0830754608837645], "rotation": [[0.6062354404759047, 0.5021787905856544, -0.6166806734420296], [-0.44865632283014, 0.8562031939504499, 0.25617102617896786], [0.6566476183582203, 0.12137772841414432, 0.744366410008874]], "fy": 3240.8079303073573, "fx": 3231.5814007282897}, {"id": 13, "img_name": "DSCF0760", "width": 3115, "height": 2078, "position": [3.0864188199607208, 1.4270066317686945, -0.4031135987402961], "rotation": [[0.3314346355384226, 0.32565934724366064, -0.8854925589288402], [-0.5412841889450811, 0.8343518438882459, 0.10425175009729892], [0.7727629061772948, 0.4447504807789609, 0.4528073549350811]], "fy": 3240.8079303073573, "fx": 3231.5814007282897}, {"id": 14, "img_name": "DSCF0768", "width": 3115, "height": 2078, "position": [2.0487158881060195, 0.1562284818189691, -2.309960937208641], "rotation": [[0.6421340746547817, 0.5740696611034611, -0.5080431619142258], [-0.44513793499911547, 0.8187793334146334, 0.36256395573444905], [0.624112208654798, -0.006665386233797891, 0.7813062930979016]], "fy": 3240.8079303073573, "fx": 3231.5814007282897}, {"id": 15, "img_name": "DSCF0776", "width": 3115, "height": 2078, "position": [-4.195292374716003, 0.07107066241335114, 1.3359470268513678], "rotation": [[-0.1698921297715527, -0.3198480800316277, 0.932112584370454], [0.6654079516823482, 0.6604479002395519, 0.3479092250962432], [-0.7268898968066533, 0.6793421647220553, 0.10062455540852988]], "fy": 3240.8079303073573, "fx": 3231.5814007282897}, {"id": 16, "img_name": "DSCF0784", "width": 3115, "height": 2078, "position": [-4.057656792206376, 0.5235988228260949, -0.33526745326476365], "rotation": [[0.1478586733612075, -0.5054776349913105, 0.8500765690427274], [0.6215561966323221, 0.7160640028460417, 0.3176794583476652], [-0.7692890920452634, 0.4813986958350586, 0.42005902979043175]], "fy": 3240.8079303073573, "fx": 3231.5814007282897}, {"id": 17, "img_name": "DSCF0792", "width": 3115, "height": 2078, "position": [-3.8767982888649932, -0.454333615721714, 0.08267779356341748], "rotation": [[-0.04107443988244298, -0.5988942623108514, 0.7997740636951692], [0.5742059388863318, 0.640915443182257, 0.5094260833900803], [-0.8176799068926726, 0.48015940817777586, 0.3175633993431206]], "fy": 3240.8079303073573, "fx": 3231.5814007282897}, {"id": 18, "img_name": "DSCF0800", "width": 3115, "height": 2078, "position": [-3.8552451696137005, -1.5202579354632693, 1.5862082197698957], "rotation": [[-0.34423545920731724, -0.5683455138161567, 0.7473187576592574], [0.4731640929529276, 0.5824784338621332, 0.6609346527649689], [-0.8109363043817686, 0.5811215458151292, 0.06841095836979712]], "fy": 3240.8079303073573, "fx": 3231.5814007282897}, {"id": 19, "img_name": "DSCF0808", "width": 3115, "height": 2078, "position": [-3.953032563858075, -1.3229920213923798, 0.03874611210923289], "rotation": [[-0.09300399692577932, -0.6668688401759711, 0.7393485014241825], [0.5884040712515091, 0.5622143484938695, 0.5811158879967598], [-0.8032004142743447, 0.4890817685724632, 0.34010015901136037]], "fy": 3240.8079303073573, "fx": 3231.5814007282897}, {"id": 20, "img_name": "DSCF0816", "width": 3115, "height": 2078, "position": [-0.8970295939392136, -1.6650402942889309, 3.4890952065735013], "rotation": [[-0.9829969465075139, -0.04735183519868321, 0.17741140566553132], [0.13228816321881753, 0.487437853247199, 0.8630783168947957], [-0.1273453769443338, 0.8718727790939906, -0.47288583405070034]], "fy": 3240.8079303073573, "fx": 3231.5814007282897}, {"id": 21, "img_name": "DSCF0824", "width": 3115, "height": 2078, "position": [-2.35521465357497, -1.2901559196686863, 2.955097766477944], "rotation": [[-0.7850108448319719, -0.23585595496140965, 0.5728262755892352], [0.38994469001689575, 0.5303702899020336, 0.7527619107771459], [-0.4813534171726841, 0.8142968280046744, -0.32437565210370706]], "fy": 3240.8079303073573, "fx": 3231.5814007282897}, {"id": 22, "img_name": "DSCF0832", "width": 3115, "height": 2078, "position": [-1.6398213727190352, -2.5595613272627173, 2.712828051836535], "rotation": [[-0.9401546156420529, -0.2097730571333906, 0.26852292860732613], [0.19079008297794123, 0.32886064752986754, 0.9249053025815704], [-0.28232683705984135, 0.9207855010843444, -0.26915723670122316]], "fy": 3240.8079303073573, "fx": 3231.5814007282897}, {"id": 23, "img_name": "DSCF0840", "width": 3115, "height": 2078, "position": [0.17772336623632032, -2.005791894582425, 3.6276366036055863], "rotation": [[-0.9935936370340198, 0.03609169354628388, -0.10709376313524897], [-0.07263352444394698, 0.5220517272558695, 0.8498154889127484], [0.08657976421981199, 0.8521498598991402, -0.5160858074986336]], "fy": 3240.8079303073573, "fx": 3231.5814007282897}, {"id": 24, "img_name": "DSCF0848", "width": 3115, "height": 2078, "position": [2.1290051954914384, -1.4691302062827776, 2.260181654573139], "rotation": [[-0.7133885897226595, 0.3554110724497335, -0.6039533836594049], [-0.44881335543462364, 0.43016463963745816, 0.7832783380057756], [0.5381851837769488, 0.8298441735565211, -0.1473613096347389]], "fy": 3240.8079303073573, "fx": 3231.5814007282897}, {"id": 25, "img_name": "DSCF0856", "width": 3115, "height": 2078, "position": [2.760179509037528, -1.125708135150758, 1.4357721890393254], "rotation": [[-0.5330442670761264, 0.5024532787532167, -0.6807382110675267], [-0.5130185079167023, 0.4478604500122144, 0.732279337309047], [0.6728118755433757, 0.7395686039746407, 0.019038386034685467]], "fy": 3240.8079303073573, "fx": 3231.5814007282897}, {"id": 26, "img_name": "DSCF0864", "width": 3115, "height": 2078, "position": [1.9113295539060535, -2.279003443207459, 1.5051511614375404], "rotation": [[-0.6720134405799555, 0.5429162902326303, -0.5036266846384619], [-0.3796913823208292, 0.3312793359383652, 0.8637641204469733], [0.6357927255569918, 0.7716838104951237, -0.016483529614059668]], "fy": 3240.8079303073573, "fx": 3231.5814007282897}, {"id": 27, "img_name": "DSCF0872", "width": 3115, "height": 2078, "position": [1.2908998145038317, -2.931140482897417, 1.4637647221691972], "rotation": [[-0.8054858824834539, 0.4817219302547306, -0.34516152020685575], [-0.31327186643281785, 0.1482822214559222, 0.9380155225271035], [0.5030439650980318, 0.863687654601913, 0.03147069218648892]], "fy": 3240.8079303073573, "fx": 3231.5814007282897}, {"id": 28, "img_name": "DSCF0880", "width": 3115, "height": 2078, "position": [2.6033276288413902, -0.9012656517337638, 1.4693556898497973], "rotation": [[-0.4432119507222835, 0.5851607463316947, -0.6790803101912781], [-0.45595732026042346, 0.505072327526473, 0.7328061585903363], [0.7717940715228914, 0.6344200855265582, 0.04295423428013686]], "fy": 3240.8079303073573, "fx": 3231.5814007282897}, {"id": 29, "img_name": "DSCF0888", "width": 3115, "height": 2078, "position": [1.9908868214032833, -0.6213176364032, 1.283561990500427], "rotation": [[-0.4851324486937573, 0.557928654239167, -0.6733217091430145], [-0.4399359913644051, 0.509727186677736, 0.7393473599491772], [0.7557134580822392, 0.654899848786417, -0.0018323026254335173]], "fy": 3240.8079303073573, "fx": 3231.5814007282897}, {"id": 30, "img_name": "DSCF0896", "width": 3115, "height": 2078, "position": [0.9608880182052784, -2.282861530520878, 2.445915105023406], "rotation": [[-0.869934233420232, 0.31349222248829983, -0.3807059967519539], [-0.2759018396986759, 0.33048102752449054, 0.9025854337940773], [0.4087696226169927, 0.8902274523321009, -0.20100367842369965]], "fy": 3240.8079303073573, "fx": 3231.5814007282897}, {"id": 31, "img_name": "DSCF0904", "width": 3115, "height": 2078, "position": [3.037724759402809, 0.45538514779280187, 1.337975620313202], "rotation": [[-0.23912588850573946, 0.21435686957750436, -0.9470321757529004], [-0.6743377840340258, 0.6650928600996368, 0.3208115341887892], [0.6986324945709438, 0.7153339219619168, -0.014491984686784013]], "fy": 3240.8079303073573, "fx": 3231.5814007282897}, {"id": 32, "img_name": "DSCF0912", "width": 3115, "height": 2078, "position": [3.178716742149415, 0.5329783727506212, 0.24539704923158917], "rotation": [[-0.08971550875547317, 0.3831758268614145, -0.9193081165734467], [-0.6818700539452869, 0.6491567916753019, 0.33711821273031245], [0.725950657428863, 0.6570934070061122, 0.2030366899053021]], "fy": 3240.8079303073573, "fx": 3231.5814007282897}, {"id": 33, "img_name": "DSCF0920", "width": 3115, "height": 2078, "position": [3.301731428854594, 0.2768111081110234, 1.4404772611480627], "rotation": [[-0.28506836414203324, 0.21814874174017565, -0.9333526419540277], [-0.726965227510953, 0.5854380044884248, 0.35886473899027693], [0.6247059994552107, 0.7808158997982745, -0.00830330457571652]], "fy": 3240.8079303073573, "fx": 3231.5814007282897}, {"id": 34, "img_name": "DSCF0928", "width": 3115, "height": 2078, "position": [3.1386421329694163, 0.311927341606938, -0.497743935948672], "rotation": [[-0.00552540041537167, 0.5061612373062584, -0.8624211684547449], [-0.7083406097765276, 0.60677674368245, 0.3606599005538868], [0.705849169788891, 0.6128807267117479, 0.3551818750071758]], "fy": 3240.8079303073573, "fx": 3231.5814007282897}, {"id": 35, "img_name": "DSCF0657", "width": 3115, "height": 2078, "position": [-3.447550293612859, 1.9332162069831742, -0.8451305630063618], "rotation": [[0.6232529930202758, -0.21977203475919324, 0.7505038037405755], [0.4308573407670316, 0.8974041363353761, -0.09501456727955009], [-0.6526236730294344, 0.38257818655271236, 0.6540002083911044]], "fy": 3240.8079303073573, "fx": 3231.5814007282897}, {"id": 36, "img_name": "DSCF0676", "width": 3115, "height": 2078, "position": [-0.39470772615811633, 2.5177953816496674, -2.5983625965327635], "rotation": [[0.9980854995059446, -0.05469879650637247, 0.028868275610496628], [0.05865993579607239, 0.9851269633045023, -0.161505040487443], [-0.019604785343629874, 0.1628892502014924, 0.9864495651377346]], "fy": 3240.8079303073573, "fx": 3231.5814007282897}, {"id": 37, "img_name": "DSCF0697", "width": 3115, "height": 2078, "position": [-4.039680508154866, 0.5924827585392995, -0.9838226915354197], "rotation": [[0.43262676458233557, -0.4834088033940363, 0.761019061106991], [0.5362059268158728, 0.8165467595533134, 0.21385647876675296], [-0.7247877528039167, 0.31554289449158823, 0.6124666481705915]], "fy": 3240.8079303073573, "fx": 3231.5814007282897}, {"id": 38, "img_name": "DSCF0716", "width": 3115, "height": 2078, "position": [-0.26886625486552923, 2.0103086170658218, -2.8124708463779764], "rotation": [[0.9982075022924713, 0.04528263434085175, -0.03913138630535251], [-0.0467516390634973, 0.9982032286835196, -0.03747797340670057], [0.03736397478725315, 0.039240250673888345, 0.9985309890610046]], "fy": 3240.8079303073573, "fx": 3231.5814007282897}, {"id": 39, "img_name": "DSCF0735", "width": 3115, "height": 2078, "position": [3.139620990572319, 0.856400284016602, -1.1217174189767836], "rotation": [[0.46030831670625644, 0.43183140961063887, -0.7756532003703339], [-0.5354949039776674, 0.8319320437200871, 0.14537634761427984], [0.7080688253164386, 0.34844039419304956, 0.6141887578827787]], "fy": 3240.8079303073573, "fx": 3231.5814007282897}, {"id": 40, "img_name": "DSCF0756", "width": 3115, "height": 2078, "position": [2.7499453147540067, 0.8887573772919007, -1.088434129010832], "rotation": [[0.4254436256429017, 0.45340795531151923, -0.7832106660790887], [-0.5086977008643714, 0.835589799446841, 0.20740379985837015], [0.7484813762112756, 0.3101788405430256, 0.5861439382474746]], "fy": 3240.8079303073573, "fx": 3231.5814007282897}, {"id": 41, "img_name": "DSCF0775", "width": 3115, "height": 2078, "position": [-4.117966757689451, -0.005060225589932131, 1.522116136832709], "rotation": [[-0.22317134247870074, -0.3027653975451404, 0.926567680175381], [0.6550210761962303, 0.6573726110882221, 0.37257031541681546], [-0.7219016149275375, 0.6900683764964065, 0.05161098840971016]], "fy": 3240.8079303073573, "fx": 3231.5814007282897}, {"id": 42, "img_name": "DSCF0796", "width": 3115, "height": 2078, "position": [-3.8335777603122465, -0.9475070500922973, 1.032910017559522], "rotation": [[-0.24567326402891565, -0.5788253723324615, 0.7775640396041765], [0.533092726719124, 0.5892773017124153, 0.6070950554943634], [-0.809602860704276, 0.5636607579304437, 0.16379791790108314]], "fy": 3240.8079303073573, "fx": 3231.5814007282897}, {"id": 43, "img_name": "DSCF0815", "width": 3115, "height": 2078, "position": [-0.6559804726624417, -1.6804266647681074, 3.534473146965526], "rotation": [[-0.9955605120972825, -0.020076888029107592, 0.09195751910346428], [0.07025411769004769, 0.4916762600120158, 0.8679394070372595], [-0.0626388513639119, 0.870546594909005, -0.4880829851491923]], "fy": 3240.8079303073573, "fx": 3231.5814007282897}, {"id": 44, "img_name": "DSCF0835", "width": 3115, "height": 2078, "position": [-0.8230911598537202, -2.5852369879429764, 3.019173438800471], "rotation": [[-0.989890706835887, -0.06878386111728609, 0.12403696614213648], [0.09111976419490217, 0.3617649427691955, 0.9278056449258465], [-0.10869028058208811, 0.9297284047682949, -0.351840185700821]], "fy": 3240.8079303073573, "fx": 3231.5814007282897}, {"id": 45, "img_name": "DSCF0855", "width": 3115, "height": 2078, "position": [2.7372989181566707, -1.0597136721332798, 1.6282364961265103], "rotation": [[-0.5368923409815071, 0.4744761126728775, -0.6975808431273266], [-0.5025340520840523, 0.4842974794693365, 0.7161811767113336], [0.6776475047481396, 0.7350703162844234, -0.021575203965144684]], "fy": 3240.8079303073573, "fx": 3231.5814007282897}, {"id": 46, "img_name": "DSCF0875", "width": 3115, "height": 2078, "position": [1.8464980181171204, -2.1286697536806, 1.3486634642484494], "rotation": [[-0.7080524266327259, 0.5516655561992488, -0.4408252207427355], [-0.362755749963931, 0.25144170309815905, 0.8973211999118281], [0.6058630431109114, 0.7952623366201058, 0.022085944533010753]], "fy": 3240.8079303073573, "fx": 3231.5814007282897}, {"id": 47, "img_name": "DSCF0894", "width": 3115, "height": 2078, "position": [1.1129298083896877, -1.7774913970522, 2.088933724823974], "rotation": [[-0.7490101251171627, 0.419847490602967, -0.5125543064947978], [-0.3586079421501682, 0.3935987543622439, 0.8464516314541023], [0.5571213299621485, 0.8178068874733699, -0.1442488076287814]], "fy": 3240.8079303073573, "fx": 3231.5814007282897}, {"id": 48, "img_name": "DSCF0915", "width": 3115, "height": 2078, "position": [3.1417307760562014, -0.03679868636577155, 0.500355842051011], "rotation": [[-0.21937588733740943, 0.3895973933508749, -0.8944764340937816], [-0.6968351097087673, 0.5791133790337525, 0.4231412578575616], [0.6828580012946279, 0.7161295729952176, 0.14444163094341184]], "fy": 3240.8079303073573, "fx": 3231.5814007282897}, {"id": 49, "img_name": "DSCF0934", "width": 3115, "height": 2078, "position": [3.24749567220212, -0.6888875714994244, 0.3697108890007027], "rotation": [[-0.17965985553717742, 0.5748263680339033, -0.7983088267840411], [-0.743246566965125, 0.4523065252033125, 0.49295369757519963], [0.6444430750678579, 0.681904284978073, 0.34597639966568017]], "fy": 3240.8079303073573, "fx": 3231.5814007282897}]