[{"id": 0, "img_name": "r_0", "width": 800, "height": 800, "position": [-0.0, 2.7372601032257076, 2.9592916965484624], "rotation": [[-1.0, -0.0, -0.0], [0.0, 0.7341099977493286, -0.6790306568145752], [-0.0, -0.6790306568145752, -0.7341099381446838]], "fy": 1111.1110311937682, "fx": 1111.1110311937682}, {"id": 1, "img_name": "r_8", "width": 800, "height": 800, "position": [-1.3306550979614251, 2.420452356338501, 2.936114311218262], "rotation": [[-0.876306653022766, -0.35089030861854553, 0.3300949037075042], [-0.48175370693206787, 0.638266980648041, -0.6004403233528137], [1.4901161207568587e-08, -0.6851943135261535, -0.7283602952957154]], "fy": 1111.1110311937682, "fx": 1111.1110311937682}, {"id": 2, "img_name": "r_16", "width": 800, "height": 800, "position": [-2.4047570228576656, 1.5261046886444094, 2.852743864059448], "rotation": [[-0.5358266830444336, -0.5975128412246704, 0.5965467691421508], [-0.8443280458450316, 0.3791930973529815, -0.37857997417449957], [-2.980232591255755e-08, -0.7065344452857972, -0.7076786160469055]], "fy": 1111.1110311937682, "fx": 1111.1110311937682}, {"id": 3, "img_name": "r_24", "width": 800, "height": 800, "position": [-2.979399681091308, 0.18744681775569916, 2.7088818550109863], "rotation": [[-0.06279014796018602, -0.6706648468971254, 0.7390980720520016], [-0.9980267882347109, 0.042194407433271415, -0.0464998334646225], [-1.862645152649456e-09, -0.7405593395233154, -0.6719908714294434]], "fy": 1111.1110311937682, "fx": 1111.1110311937682}, {"id": 4, "img_name": "r_32", "width": 800, "height": 800, "position": [-2.856511116027833, -1.3441742658615112, 2.5066988468170166], "rotation": [[0.4257798790931702, -0.5626534223556519, 0.7086131572723391], [-0.9048268795013429, -0.2647650241851807, 0.333448588848114], [-1.490116298200202e-08, -0.7831478714942932, -0.621835470199585]], "fy": 1111.1110311937682, "fx": 1111.1110311937682}, {"id": 5, "img_name": "r_40", "width": 800, "height": 800, "position": [-1.965011596679687, -2.704610824584961, 2.252511978149413], "rotation": [[0.8090174198150633, -0.32844197750091547, 0.4874593615531921], [-0.5877846479415892, -0.4520623385906219, 0.670931339263916], [-0.0, -0.8293163180351257, -0.5587794184684752]], "fy": 1111.1110311937682, "fx": 1111.1110311937682}, {"id": 6, "img_name": "r_48", "width": 800, "height": 800, "position": [-0.44160315394401556, -3.4956769943237305, 1.9583741426467893], "rotation": [[0.992114841938019, -0.06088800728321075, 0.10954825580120087], [-0.12533223628997806, -0.4819820821285248, 0.8671707510948182], [6.0650296991235455e-18, -0.8740628957748413, -0.4858128130435944]], "fy": 1111.1110311937682, "fx": 1111.1110311937682}, {"id": 7, "img_name": "r_56", "width": 800, "height": 800, "position": [1.3552293777465823, -3.4229068756103516, 1.6422731876373289], "rotation": [[0.9297760725021363, 0.14997360110282898, -0.3361910283565521], [0.36812567710876465, -0.37878876924514765, 0.8491186499595642], [-0.0, -0.913250744342804, -0.40739783644676203]], "fy": 1111.1110311937682, "fx": 1111.1110311937682}, {"id": 8, "img_name": "r_64", "width": 800, "height": 800, "position": [2.933016300201416, -2.426396369934082, 1.3266556262969973], "rotation": [[0.637423038482666, 0.25357827544212336, -0.727591812610626], [0.7705140113830566, -0.2097776979207993, 0.6019148230552673], [-1.4901161221673996e-08, -0.9442940950393678, -0.32910275459289556]], "fy": 1111.1110311937682, "fx": 1111.1110311937682}, {"id": 9, "img_name": "r_72", "width": 800, "height": 800, "position": [3.8268063068389893, -0.7299969792366028, 1.035691976547241], "rotation": [[0.18738000094890594, 0.2523728013038635, -0.9493138194084169], [0.9822875261306762, -0.04814233630895613, 0.18108996748924255], [-3.725290303499019e-09, -0.9664317369461058, -0.25692355632781977]], "fy": 1111.1110311937682, "fx": 1111.1110311937682}, {"id": 10, "img_name": "r_80", "width": 800, "height": 800, "position": [3.759073972702027, 1.2214037179946904, 0.7921710014343263], "rotation": [[-0.3090184926986695, 0.18689529597759247, -0.9325114488601683], [0.9510560035705566, 0.060726288706064224, -0.3029929697513581], [6.47059817001307e-18, -0.9805011153221131, -0.19651342928409576]], "fy": 1111.1110311937682, "fx": 1111.1110311937682}, {"id": 11, "img_name": "r_88", "width": 800, "height": 800, "position": [2.727197647094726, 2.9041807651519775, 0.6149204969406128], "rotation": [[-0.7289698123931884, 0.1044226884841919, -0.6765344142913817], [0.6845458149909972, 0.11119924485683443, -0.7204384803771974], [-7.450580591824117e-09, -0.9882968664169312, -0.15254297852516177]], "fy": 1111.1110311937682, "fx": 1111.1110311937682}, {"id": 12, "img_name": "r_96", "width": 800, "height": 800, "position": [0.9942068457603459, 3.8722116947174072, 0.5172316431999209], "rotation": [[-0.9685837030410767, 0.03190900012850762, -0.24663236737251287], [0.24868799746036532, 0.12427837401628493, -0.9605774879455568], [3.72529075214675e-09, -0.9917341470718383, -0.12830938398838046]], "fy": 1111.1110311937682, "fx": 1111.1110311937682}, {"id": 13, "img_name": "r_104", "width": 800, "height": 800, "position": [-0.9945737123489381, 3.873573541641236, 0.5062126517295839], "rotation": [[-0.9685826301574707, -0.031229721382260326, 0.24672336876392365], [-0.24869202077388766, 0.1216306239366531, -0.9609153270721433], [-6.883965388920951e-18, -0.9920839667320251, -0.12557590007781982]], "fy": 1111.1110311937682, "fx": 1111.1110311937682}, {"id": 14, "img_name": "r_112", "width": 800, "height": 800, "position": [-2.730527400970459, 2.9077026844024663, 0.5826539993286132], "rotation": [[-0.7289670109748841, -0.09894376993179323, 0.677360475063324], [-0.6845487952232361, 0.10536391288042068, -0.7213122248649599], [-2.746411687243463e-17, -0.9894990921020508, -0.14453867077827454]], "fy": 1111.1110311937682, "fx": 1111.1110311937682}, {"id": 15, "img_name": "r_120", "width": 800, "height": 800, "position": [-3.7685017585754403, 1.2244497537612913, 0.7410240173339844], "rotation": [[-0.3090145885944367, -0.17482851445674893, 0.9348502159118652], [-0.9510573744773867, 0.05680473148822783, -0.303748607635498], [3.725290742250226e-09, -0.9829587936401366, -0.18382543325424194]], "fy": 1111.1110311937682, "fx": 1111.1110311937682}, {"id": 16, "img_name": "r_128", "width": 800, "height": 800, "position": [-3.843489170074463, -0.7331939935684204, 0.9695447683334352], "rotation": [[0.18738357722759244, -0.23625417053699493, 0.9534522891044618], [-0.982286810874939, -0.045068457722663886, 0.1818830370903015], [-0.0, -0.9706454277038574, -0.24051445722579956]], "fy": 1111.1110311937682, "fx": 1111.1110311937682}, {"id": 17, "img_name": "r_136", "width": 800, "height": 800, "position": [-2.952762365341187, -2.4427499771118164, 1.250666618347168], "rotation": [[0.63742595911026, -0.2390529364347458, 0.7324901223182679], [-0.7705116868019104, -0.1977628022432327, 0.60597163438797], [-2.0330689069264483e-17, -0.9506543278694153, -0.3102521598339081]], "fy": 1111.1110311937682, "fx": 1111.1110311937682}, {"id": 18, "img_name": "r_144", "width": 800, "height": 800, "position": [-1.3679561614990234, -3.4550905227661137, 1.5623846054077146], "rotation": [[0.9297775030136107, -0.14267669618129727, 0.339348167181015], [-0.36812204122543335, -0.360363095998764, 0.8571024537086487], [7.45058062169872e-09, -0.9218361377716063, -0.3875799179077148]], "fy": 1111.1110311937682, "fx": 1111.1110311937682}, {"id": 19, "img_name": "r_152", "width": 800, "height": 800, "position": [0.4468964338302613, -3.537466049194335, 1.8805897235870361], "rotation": [[0.9921143054962159, 0.05847142636775971, -0.11086136102676394], [0.12533614039421082, -0.4628380537033081, 0.8775373101234436], [3.7252902906915093e-09, -0.8845122456550597, -0.4665168821811676]], "fy": 1111.1110311937682, "fx": 1111.1110311937682}, {"id": 20, "img_name": "r_160", "width": 800, "height": 800, "position": [1.9922771453857426, -2.742116212844849, 2.1821160316467285], "rotation": [[0.8090152740478515, 0.3181790709495545, -0.4942231178283692], [0.5877878069877625, -0.43793311715126043, 0.6802353262901306], [-2.980232596151374e-08, -0.8408190011978149, -0.541316330432892]], "fy": 1111.1110311937682, "fx": 1111.1110311937682}, {"id": 21, "img_name": "r_168", "width": 800, "height": 800, "position": [2.8981289863586426, -1.363744258880615, 2.4476618766784672], "rotation": [[0.4257763326168061, 0.5494029521942138, -0.7189373373985288], [0.9048285484313965, -0.2585271894931794, 0.3383032977581024], [-1.4901163016052027e-08, -0.7945565581321716, -0.6071901917457582]], "fy": 1111.1110311937682, "fx": 1111.1110311937682}, {"id": 22, "img_name": "r_176", "width": 800, "height": 800, "position": [3.0197522640228254, 0.18999747931957245, 2.663643598556519], "rotation": [[-0.06279406696557999, 0.6594646573066711, -0.7491083145141603], [0.9980265498161316, 0.04149235412478448, -0.047132574021816254], [5.19798383107726e-18, -0.750589668750763, -0.6607686281204225]], "fy": 1111.1110311937682, "fx": 1111.1110311937682}, {"id": 23, "img_name": "r_184", "width": 800, "height": 800, "position": [2.430129528045654, 1.542219877243042, 2.8224155902862553], "rotation": [[-0.5358299612998964, 0.591159164905548, -0.6028409600257875], [0.8443259000778198, 0.37516412138938904, -0.38257765769958496], [1.4901159495766301e-08, -0.7139907479286195, -0.7001551389694213]], "fy": 1111.1110311937682, "fx": 1111.1110311937682}, {"id": 24, "img_name": "r_192", "width": 800, "height": 800, "position": [1.3383599519729619, 2.434490442276002, 2.9209671020507812], "rotation": [[-0.8763085007667543, 0.3490775227546692, -0.33200624585151683], [0.4817502200603487, 0.6349755525588988, -0.6039227247238159], [-4.022353333102024e-17, -0.6891667246818545, -0.7246027588844299]], "fy": 1111.1110311937682, "fx": 1111.1110311937682}, {"id": 25, "img_name": "r_2", "width": 800, "height": 800, "position": [-3.7684571743011483, -1.2999367713928225, 0.5990785360336304], "rotation": [[0.32609578967094416, -0.14048941433429718, 0.9348391294479369], [-0.9453368186950685, -0.048462104052305235, 0.32247462868690496], [-0.0, -0.988895356655121, -0.1486130952835083]], "fy": 1111.1110311937682, "fx": 1111.1110311937682}, {"id": 26, "img_name": "r_16", "width": 800, "height": 800, "position": [-2.849843263626098, 0.7856489419937134, 2.740647554397584], "rotation": [[-0.2657671868801117, -0.6554209589958191, 0.7069590687751769], [-0.964037299156189, 0.18068741261959076, -0.19489550590515137], [-1.4901162924654187e-08, -0.7333316802978516, -0.6798709630966188]], "fy": 1111.1110311937682, "fx": 1111.1110311937682}, {"id": 27, "img_name": "r_26", "width": 800, "height": 800, "position": [-0.7171050906181334, -3.839812278747558, 0.9957927465438844], "rotation": [[0.9830045104026796, -0.04534929990768433, 0.17789188027381897], [-0.18358123302459717, -0.24282744526863095, 0.9525401592254638], [3.7252902961330106e-09, -0.9690088033676146, -0.2470257729291916]], "fy": 1111.1110311937682, "fx": 1111.1110311937682}]