[{"id": 0, "img_name": "DSCF5565", "width": 3118, "height": 2078, "position": [-3.7212285514226, 1.9830705231664232, -0.29418564508802614], "rotation": [[0.4569205337553071, -0.23930622827978038, 0.8567124108703402], [0.639268405842538, 0.7580520782954387, -0.12920120697387533], [-0.6185139700316442, 0.6067038616149328, 0.4993504712896774]], "fy": 3222.7010797592447, "fx": 3222.7010797592447}, {"id": 1, "img_name": "DSCF5573", "width": 3118, "height": 2078, "position": [-3.000177634438162, 0.3235507003413549, -1.998150524192494], "rotation": [[0.5729418145418838, -0.5518578049949329, 0.6059625732795945], [0.5527043248997777, 0.8060858135150192, 0.21152680796275175], [-0.6051905537816454, 0.21372558180059884, 0.7668544642221632]], "fy": 3222.7010797592447, "fx": 3222.7010797592447}, {"id": 2, "img_name": "DSCF5581", "width": 3118, "height": 2078, "position": [-2.601211591882782, 1.8172164848885934, -2.2812604200884437], "rotation": [[0.7664597598729314, -0.2995658435594132, 0.568154681286765], [0.41538618325679183, 0.9058746183867048, -0.08273750372169014], [-0.4898915749988801, 0.2994185717942008, 0.8187519548739031]], "fy": 3222.7010797592447, "fx": 3222.7010797592447}, {"id": 3, "img_name": "DSCF5589", "width": 3118, "height": 2078, "position": [-1.6957912840447753, 3.1196482001834367, -2.2795965583126696], "rotation": [[0.9175774592979766, -0.12812506940501217, 0.37634501827210437], [0.26621282166010357, 0.9010937966099832, -0.3422874571099155], [-0.295266557151391, 0.41426312447642155, 0.860931892734261]], "fy": 3222.7010797592447, "fx": 3222.7010797592447}, {"id": 4, "img_name": "DSCF5597", "width": 3118, "height": 2078, "position": [-1.3048228491661416, 1.2239871956563482, -3.0985434548884023], "rotation": [[0.9367431345028169, -0.23186701085484784, 0.26220219152225904], [0.2137848783481227, 0.972160189273583, 0.09591971737463478], [-0.277143150287926, -0.03379727309694234, 0.9602340436475343]], "fy": 3222.7010797592447, "fx": 3222.7010797592447}, {"id": 5, "img_name": "DSCF5605", "width": 3118, "height": 2078, "position": [-0.7271316173065084, 2.384356775761995, -2.6950289934079277], "rotation": [[0.9677052459390937, -0.1450545874966643, 0.20616916265079635], [0.185465682348541, 0.9635971120788381, -0.19256969196712473], [-0.1707308924973686, 0.22458800555571923, 0.9593806283783076]], "fy": 3222.7010797592447, "fx": 3222.7010797592447}, {"id": 6, "img_name": "DSCF5613", "width": 3118, "height": 2078, "position": [0.3502731650354369, 3.5140832841823477, -2.5727192197555873], "rotation": [[0.9958800080643891, -0.018577697700110005, -0.0887574148217237], [-0.01952312287697133, 0.9119102808373459, -0.4099249777413954], [0.08855426139267884, 0.4099689120547022, 0.9077905231593248]], "fy": 3222.7010797592447, "fx": 3222.7010797592447}, {"id": 7, "img_name": "DSCF5621", "width": 3118, "height": 2078, "position": [0.19674533993421495, 1.7424939445765226, -3.1319215686243034], "rotation": [[0.9993803677772068, 0.027910160813670162, -0.021445359051550428], [-0.02794621343367118, 0.9996084712666231, -0.0013832305391984798], [0.02139835639049275, 0.001981690026201181, 0.9997690649587162]], "fy": 3222.7010797592447, "fx": 3222.7010797592447}, {"id": 8, "img_name": "DSCF5629", "width": 3118, "height": 2078, "position": [1.198263530782738, 2.6083341835153053, -2.787420520806649], "rotation": [[0.9755646983796273, 0.06676954805697241, -0.20932115690425177], [-0.11758355256419413, 0.963454028732955, -0.24068743773745607], [0.18560072047772377, 0.25941889285575565, 0.9477627396071464]], "fy": 3222.7010797592447, "fx": 3222.7010797592447}, {"id": 9, "img_name": "DSCF5637", "width": 3118, "height": 2078, "position": [2.2170270078469407, 2.643551918667675, -2.0197428085430604], "rotation": [[0.8750044526434883, 0.16995073938987468, -0.4533033796861704], [-0.3027039662576948, 0.9228049480068391, -0.23833031017047585], [0.37780618929013043, 0.3457568135480915, 0.85890320130917]], "fy": 3222.7010797592447, "fx": 3222.7010797592447}, {"id": 10, "img_name": "DSCF5645", "width": 3118, "height": 2078, "position": [1.9416197151256276, 0.8379623010704981, -2.231911374163669], "rotation": [[0.806568934855701, 0.43772062734688805, -0.397299893935031], [-0.4055838245658598, 0.8987165386671836, 0.16676433784417527], [0.4300561760703711, 0.026631476134887658, 0.9024092474607109]], "fy": 3222.7010797592447, "fx": 3222.7010797592447}, {"id": 11, "img_name": "DSCF5653", "width": 3118, "height": 2078, "position": [2.840813222516746, 1.83501326518184, -1.4502222651948369], "rotation": [[0.6746649002054113, 0.31235248279578276, -0.6687773911565287], [-0.479182752586132, 0.8745081863663723, -0.07496213445584277], [0.5614366946101761, 0.3710409121235935, 0.7396739007668794]], "fy": 3222.7010797592447, "fx": 3222.7010797592447}, {"id": 12, "img_name": "DSCF5661", "width": 3118, "height": 2078, "position": [3.540593264276581, 2.0978015693758256, -0.4306125174411022], "rotation": [[0.49216478309945283, 0.17439082691715643, -0.85285500864087], [-0.550804837513097, 0.821049845322524, -0.14997060534661558], [0.6740829750474637, 0.5435669149083762, 0.5001471301208783]], "fy": 3222.7010797592447, "fx": 3222.7010797592447}, {"id": 13, "img_name": "DSCF5669", "width": 3118, "height": 2078, "position": [3.597732884554906, 0.562603446663477, -0.918454207943218], "rotation": [[0.31410131718435685, 0.6013153885724822, -0.7346837183502685], [-0.6138133609376772, 0.7189803669240685, 0.3260374056946911], [0.7242744786870821, 0.34854990380669526, 0.5949280999237628]], "fy": 3222.7010797592447, "fx": 3222.7010797592447}, {"id": 14, "img_name": "DSCF5677", "width": 3118, "height": 2078, "position": [3.5098341492704925, 0.18637305137781005, -0.3621340065212973], "rotation": [[0.09422952186800648, 0.6079208949956384, -0.788386315606904], [-0.669865584039453, 0.6245478711769754, 0.4015221736439852], [0.7364787142395964, 0.49027761731085595, 0.466076132660728]], "fy": 3222.7010797592447, "fx": 3222.7010797592447}, {"id": 15, "img_name": "DSCF5685", "width": 3118, "height": 2078, "position": [4.076061199388371, 1.2903109427403936, 0.6546119019618829], "rotation": [[0.0759137904724299, 0.20741573876794483, -0.9753029312615932], [-0.6167485807542697, 0.7783377874441983, 0.11752223948710239], [0.7834910877308702, 0.592595139996792, 0.18700993422404186]], "fy": 3222.7010797592447, "fx": 3222.7010797592447}, {"id": 16, "img_name": "DSCF5693", "width": 3118, "height": 2078, "position": [4.204579137877042, -0.1092082336228298, 0.6376532707265387], "rotation": [[-0.12364039521680911, 0.47568954828708426, -0.8708803053928024], [-0.6487006937684608, 0.625379994336563, 0.4336902957041095], [0.7509330613143548, 0.6185622978601509, 0.2312579103317789]], "fy": 3222.7010797592447, "fx": 3222.7010797592447}, {"id": 17, "img_name": "DSCF5701", "width": 3118, "height": 2078, "position": [3.1721624744355896, -1.2390420292324575, 0.3849378886630962], "rotation": [[-0.4281123187110669, 0.6217471343538558, -0.6558584782486254], [-0.6264130020067169, 0.31894833168748504, 0.7112515115138264], [0.6514035565490618, 0.7153338120322136, 0.25292477909191663]], "fy": 3222.7010797592447, "fx": 3222.7010797592447}, {"id": 18, "img_name": "DSCF5709", "width": 3118, "height": 2078, "position": [3.888699237367593, -0.6150514407849094, 1.9927082825045879], "rotation": [[-0.4743170140514768, 0.31008763979035275, -0.8239350859324656], [-0.594315240241322, 0.5776732504562205, 0.5595382122109663], [0.6494711428525448, 0.7550756726028149, -0.08971044111593737]], "fy": 3222.7010797592447, "fx": 3222.7010797592447}, {"id": 19, "img_name": "DSCF5717", "width": 3118, "height": 2078, "position": [3.4589640262491854, -1.0788407387434225, 2.8113774028964205], "rotation": [[-0.7026382001165746, 0.24069613588005623, -0.6696005749021945], [-0.47694127026839683, 0.5390379968949648, 0.6942370363342997], [0.5280403246454838, 0.8071576104304992, -0.26395076713739307]], "fy": 3222.7010797592447, "fx": 3222.7010797592447}, {"id": 20, "img_name": "DSCF5725", "width": 3118, "height": 2078, "position": [2.5923405704687266, -2.3499422026015426, 1.5266579328963754], "rotation": [[-0.8706961897129242, 0.30333247444144396, -0.38714022675075604], [-0.35759001876231244, 0.14998824121334547, 0.9217553395447713], [0.33766480968701057, 0.9410063429366236, -0.022125524899468438]], "fy": 3222.7010797592447, "fx": 3222.7010797592447}, {"id": 21, "img_name": "DSCF5733", "width": 3118, "height": 2078, "position": [2.2461007464805585, -2.2863990268850727, 2.936890061816201], "rotation": [[-0.9272690572288782, 0.1381978211019022, -0.34795611468769055], [-0.27327740308212545, 0.3854333211783699, 0.8813402384380852], [0.25591318150997266, 0.9123280754027565, -0.3196340506913262]], "fy": 3222.7010797592447, "fx": 3222.7010797592447}, {"id": 22, "img_name": "DSCF5741", "width": 3118, "height": 2078, "position": [1.3991760657049117, -1.7778561858785178, 4.008742949543735], "rotation": [[-0.9860316649419454, 0.03312518030194578, -0.16323075127493142], [-0.12065941609922583, 0.5335162648642391, 0.8371389970798786], [0.11481664094724606, 0.8451408862167742, -0.5220670660042791]], "fy": 3222.7010797592447, "fx": 3222.7010797592447}, {"id": 23, "img_name": "DSCF5749", "width": 3118, "height": 2078, "position": [0.862035189420847, -2.4953135901950225, 2.309513379613651], "rotation": [[-0.998953183247972, -0.004968569731402324, -0.04547362965024484], [-0.0457189947295938, 0.14147993664902728, 0.9888848269878058], [0.0015202630229033298, 0.9899286544194036, -0.14155899109463066]], "fy": 3222.7010797592447, "fx": 3222.7010797592447}, {"id": 24, "img_name": "DSCF5757", "width": 3118, "height": 2078, "position": [-0.3475226110217009, -2.3466475925479195, 2.6247614016868748], "rotation": [[-0.9326101065504963, -0.25078228584886575, 0.25951230079572246], [0.17269044433111178, 0.3213067535126564, 0.9310961178008852], [-0.31688546763238434, 0.9131649441648397, -0.2563462212552201]], "fy": 3222.7010797592447, "fx": 3222.7010797592447}, {"id": 25, "img_name": "DSCF5765", "width": 3118, "height": 2078, "position": [-1.2718986455475112, -1.7201294005012504, 3.7239908692733827], "rotation": [[-0.8457364065177272, -0.15812661402356704, 0.5096331078608641], [0.32952991846663476, 0.5964210130194041, 0.7319098360209956], [-0.41969031859914807, 0.7869421510926642, -0.452307514096102]], "fy": 3222.7010797592447, "fx": 3222.7010797592447}, {"id": 26, "img_name": "DSCF5773", "width": 3118, "height": 2078, "position": [-1.2845441523677716, -2.4579435673013714, 1.9787675130325408], "rotation": [[-0.8100013534589431, -0.38578264478455576, 0.4416667956477072], [0.37430856695939585, 0.23965531970621617, 0.895800437841663], [-0.451432059224291, 0.8909192324333022, -0.04971938439855801]], "fy": 3222.7010797592447, "fx": 3222.7010797592447}, {"id": 27, "img_name": "DSCF5781", "width": 3118, "height": 2078, "position": [-2.0517522737868426, -1.8809346155441065, 1.7188130466993474], "rotation": [[-0.581702602531448, -0.47869714379640155, 0.6576253695907018], [0.5121854041670336, 0.41251002870534004, 0.7533270126417689], [-0.6318925493835108, 0.7750383995252664, 0.0052235328007459335]], "fy": 3222.7010797592447, "fx": 3222.7010797592447}, {"id": 28, "img_name": "DSCF5789", "width": 3118, "height": 2078, "position": [-2.9226301898265947, -0.6865960529693019, 2.600173224028948], "rotation": [[-0.517050764918814, -0.21097865983005165, 0.8295459671369538], [0.5735223018562166, 0.6340310518530285, 0.5187261267371144], [-0.6353980451421106, 0.7439708531807261, -0.20682527371461773]], "fy": 3222.7010797592447, "fx": 3222.7010797592447}, {"id": 29, "img_name": "DSCF5797", "width": 3118, "height": 2078, "position": [-2.7237530014395013, -1.4299358758091822, 1.245759602710627], "rotation": [[-0.45637443529472604, -0.5327107333897975, 0.7127002520981203], [0.5547027660961883, 0.4559469543797839, 0.6960008736180127], [-0.6957206451548335, 0.7129738068983345, 0.08741358351102582]], "fy": 3222.7010797592447, "fx": 3222.7010797592447}, {"id": 30, "img_name": "DSCF5805", "width": 3118, "height": 2078, "position": [-2.8952940389642086, -1.12766126895708, 0.7977730591205899], "rotation": [[-0.2905636698760128, -0.521382688395585, 0.8023296367389001], [0.6087729767606225, 0.546182158783911, 0.5753959612233625], [-0.738219626204962, 0.6556257634257054, 0.1587029987689802]], "fy": 3222.7010797592447, "fx": 3222.7010797592447}, {"id": 31, "img_name": "DSCF5813", "width": 3118, "height": 2078, "position": [-3.629676945450682, 0.4400345887574562, 1.075125126372097], "rotation": [[-0.008307751729859104, -0.32732992476524725, 0.9448735902830454], [0.6515682471235168, 0.7150061812734879, 0.25342647865030077], [-0.7585445277645751, 0.6177550332404272, 0.20733769147103015]], "fy": 3222.7010797592447, "fx": 3222.7010797592447}, {"id": 32, "img_name": "DSCF5821", "width": 3118, "height": 2078, "position": [-3.162920807890936, -0.6483269143200536, -0.1702502269168791], "rotation": [[0.08240976111186075, -0.6168570557194964, 0.782749004523519], [0.6311448984739781, 0.6401462943732937, 0.4380283540256407], [-0.7712747554560292, 0.4579302289751294, 0.44208048700098485]], "fy": 3222.7010797592447, "fx": 3222.7010797592447}, {"id": 33, "img_name": "DSCF5829", "width": 3118, "height": 2078, "position": [-3.2533667411392106, 0.0914133716229898, -0.3905146366418063], "rotation": [[0.22251087486701454, -0.4758424738177492, 0.8509188273136988], [0.6527952347066834, 0.7209804515160388, 0.23247703128690989], [-0.7241182859934981, 0.5037470879744452, 0.47105369040811546]], "fy": 3222.7010797592447, "fx": 3222.7010797592447}, {"id": 34, "img_name": "DSCF5837", "width": 3118, "height": 2078, "position": [-3.235033143816531, 1.5090631398671221, -0.3474551415012362], "rotation": [[0.4423097005244522, -0.36000297913385737, 0.8214377540853091], [0.6460398489280549, 0.7631862013883792, -0.013391624524016257], [-0.622088934493281, 0.5366047679858273, 0.570140930433775]], "fy": 3222.7010797592447, "fx": 3222.7010797592447}, {"id": 35, "img_name": "DSCF5845", "width": 3118, "height": 2078, "position": [-2.707146117683604, -0.13888050154974654, -1.3064705580575569], "rotation": [[0.4833176889503745, -0.600907601700647, 0.6366428086188088], [0.5225511936606348, 0.7814838129621775, 0.3409153855166147], [-0.7023846962680171, 0.16790802332370153, 0.691709934981429]], "fy": 3222.7010797592447, "fx": 3222.7010797592447}, {"id": 36, "img_name": "DSCF5853", "width": 3118, "height": 2078, "position": [-2.2251508165331435, -1.8153853404826736, 0.2335816459361663], "rotation": [[-0.5083382903864332, -0.5890847027365699, 0.6281491825424637], [0.6599269610521613, 0.2021424759272532, 0.7236261641914691], [-0.5532527348359495, 0.7823794683066314, 0.2859961170519199]], "fy": 3222.7010797592447, "fx": 3222.7010797592447}, {"id": 37, "img_name": "DSCF5566", "width": 3118, "height": 2078, "position": [-3.7020803064083108, 1.8794220892960538, -0.39910109839590346], "rotation": [[0.47184186948130497, -0.2583456261469842, 0.8429844527956075], [0.6248371908349101, 0.7725369608598944, -0.11298287062602094], [-0.6220480167590968, 0.5800380862978575, 0.5259392391617058]], "fy": 3222.7010797592447, "fx": 3222.7010797592447}, {"id": 38, "img_name": "DSCF5578", "width": 3118, "height": 2078, "position": [-2.4983859518198024, 0.9325062554445885, -2.3864111269757116], "rotation": [[0.7467065839349891, -0.4165975444484668, 0.5185323167051852], [0.43909702517177834, 0.8942971510104315, 0.08617661039934206], [-0.499622937817544, 0.1633373553542882, 0.8507043131149823]], "fy": 3222.7010797592447, "fx": 3222.7010797592447}, {"id": 39, "img_name": "DSCF5591", "width": 3118, "height": 2078, "position": [-1.60850969260694, 2.7039712126952495, -2.606198005656265], "rotation": [[0.9196343198682784, -0.18508273210431256, 0.34643484235453603], [0.2738347062832467, 0.9344366634800286, -0.22768986709794412], [-0.28157995552804704, 0.30425729937195384, 0.910022101063325]], "fy": 3222.7010797592447, "fx": 3222.7010797592447}, {"id": 40, "img_name": "DSCF5603", "width": 3118, "height": 2078, "position": [-0.6168055095874336, 1.94572235562694, -2.8436221717097485], "rotation": [[0.9689358974407879, -0.1514381756715113, 0.1955241816244206], [0.16838220564791775, 0.983010009875502, -0.07306677292523624], [-0.18113712891551875, 0.10371981215684005, 0.977973180150863]], "fy": 3222.7010797592447, "fx": 3222.7010797592447}, {"id": 41, "img_name": "DSCF5616", "width": 3118, "height": 2078, "position": [0.37326004917895167, 2.8417478931595053, -2.914169104484586], "rotation": [[0.9978033857358611, -0.027043217722832472, -0.06047369501897349], [0.009731773527094137, 0.9628143666273774, -0.2699884960511085], [0.06552630004868036, 0.268806919165258, 0.9609626133262484]], "fy": 3222.7010797592447, "fx": 3222.7010797592447}, {"id": 42, "img_name": "DSCF5628", "width": 3118, "height": 2078, "position": [1.2161481220235764, 2.3240998723706654, -2.8424867978162025], "rotation": [[0.977975287539444, 0.08598514169498014, -0.19018646736778202], [-0.12382206755791265, 0.97254925101368, -0.1970178924321695], [0.16802509499424764, 0.21622791161278046, 0.9617759914303069]], "fy": 3222.7010797592447, "fx": 3222.7010797592447}, {"id": 43, "img_name": "DSCF5641", "width": 3118, "height": 2078, "position": [1.8897181400979448, 1.6922074476115003, -2.28380011053198], "rotation": [[0.8970867794084425, 0.24805591354587392, -0.36565499308160715], [-0.28706136303931495, 0.9563016496662918, -0.05552412714792951], [0.3359033850091405, 0.15477538111873843, 0.9290928356945554]], "fy": 3222.7010797592447, "fx": 3222.7010797592447}, {"id": 44, "img_name": "DSCF5654", "width": 3118, "height": 2078, "position": [2.8890885782997313, 2.0618528481934457, -1.3591516272587012], "rotation": [[0.6771256306597263, 0.30810512593767897, -0.66826051183247], [-0.4802784910237238, 0.8730734827940141, -0.084114592681087], [0.5575243953080823, 0.37790729685050706, 0.7391566976112034]], "fy": 3222.7010797592447, "fx": 3222.7010797592447}, {"id": 45, "img_name": "DSCF5666", "width": 3118, "height": 2078, "position": [3.639426075461042, 1.1762752849202482, -1.0737485832568707], "rotation": [[0.4652733828428002, 0.45499258547782684, -0.759277568731106], [-0.5802763643828543, 0.8045311908028989, 0.12652629751907754], [0.6684310137603082, 0.3817215086754633, 0.6383483920696397]], "fy": 3222.7010797592447, "fx": 3222.7010797592447}, {"id": 46, "img_name": "DSCF5679", "width": 3118, "height": 2078, "position": [3.6814047933309446, 0.5840007658129335, -0.23972038920150554], "rotation": [[0.16837523763032486, 0.5026262948585065, -0.8479484577907673], [-0.6634058478997213, 0.6940333478040878, 0.2796612113045028], [0.7290695853794636, 0.5154459427065652, 0.45030325317718606]], "fy": 3222.7010797592447, "fx": 3222.7010797592447}, {"id": 47, "img_name": "DSCF5691", "width": 3118, "height": 2078, "position": [4.427730999244084, 0.18141750709616866, 1.0909897089811844], "rotation": [[-0.14654533745095125, 0.34505458182374116, -0.9270716259458217], [-0.6401866019550094, 0.6813774299985594, 0.35480404812495664], [0.7541124443666771, 0.6454937129445965, 0.12104663481614687]], "fy": 3222.7010797592447, "fx": 3222.7010797592447}, {"id": 48, "img_name": "DSCF5704", "width": 3118, "height": 2078, "position": [3.4063040727110914, -1.1539012649742073, 1.0936660399427172], "rotation": [[-0.5200653906346986, 0.48523352487706406, -0.702908540138301], [-0.5810672941234961, 0.40217016770477937, 0.7075450204109331], [0.6260134097317535, 0.7764068408661073, 0.07279854594931377]], "fy": 3222.7010797592447, "fx": 3222.7010797592447}, {"id": 49, "img_name": "DSCF5718", "width": 3118, "height": 2078, "position": [3.3869161621301345, -1.2564263814551277, 2.687026019128834], "rotation": [[-0.7179895930171283, 0.25463740123755607, -0.6478045524771205], [-0.46670277231821544, 0.5143687290433251, 0.7194534959904262], [0.5164101728564131, 0.8188923033423494, -0.2504714133330811]], "fy": 3222.7010797592447, "fx": 3222.7010797592447}, {"id": 50, "img_name": "DSCF5730", "width": 3118, "height": 2078, "position": [2.0367513322381248, -2.518383825555699, 2.2081967347432063], "rotation": [[-0.9427925059235074, 0.14518916437836485, -0.30010397751710144], [-0.2594691597074898, 0.24565863300991203, 0.9339847917329223], [0.2093276043314926, 0.9584215891635648, -0.19393300773727104]], "fy": 3222.7010797592447, "fx": 3222.7010797592447}, {"id": 51, "img_name": "DSCF5743", "width": 3118, "height": 2078, "position": [1.0958101529231867, -2.011962050083388, 3.608691068897244], "rotation": [[-0.9921420345140601, 0.02870669098089594, -0.12177893595867682], [-0.09620397111758869, 0.44726329467603315, 0.8892133271475107], [0.07999362031753735, 0.8939415367508475, -0.4409870174733331]], "fy": 3222.7010797592447, "fx": 3222.7010797592447}, {"id": 52, "img_name": "DSCF5755", "width": 3118, "height": 2078, "position": [0.051374757411966225, -2.5166465789103896, 2.0293616940652988], "rotation": [[-0.9624100479349712, -0.1922875852192235, 0.19181340986585257], [0.15612637669890103, 0.1862122907047403, 0.9700255343491563], [-0.22224188203999384, 0.9635094536957345, -0.14919141565877095]], "fy": 3222.7010797592447, "fx": 3222.7010797592447}, {"id": 53, "img_name": "DSCF5768", "width": 3118, "height": 2078, "position": [-1.6647352961485529, -2.0118057661009594, 2.95702285342482], "rotation": [[-0.8034093355477496, -0.2713617311612851, 0.5299964626446805], [0.36773424670535615, 0.47393546163461214, 0.8000979327590038], [-0.46830007832026693, 0.8377039984781839, -0.2809751725311233]], "fy": 3222.7010797592447, "fx": 3222.7010797592447}, {"id": 54, "img_name": "DSCF5780", "width": 3118, "height": 2078, "position": [-1.9087431259695946, -1.996585737329725, 1.5523572980760327], "rotation": [[-0.6018960521459406, -0.5143976940619979, 0.6108323458649113], [0.5012820467641497, 0.3520574518434523, 0.7904251135897947], [-0.6216409349480422, 0.7819530439516137, 0.04595633853702362]], "fy": 3222.7010797592447, "fx": 3222.7010797592447}, {"id": 55, "img_name": "DSCF5793", "width": 3118, "height": 2078, "position": [-2.949922347384228, -0.8939834383596724, 1.8366752747244979], "rotation": [[-0.42561659306689126, -0.33062140672818896, 0.8423419739744695], [0.5801544092102419, 0.6146819772761457, 0.5344033385803303], [-0.694457613666988, 0.71613933855428, -0.06980738209524186]], "fy": 3222.7010797592447, "fx": 3222.7010797592447}, {"id": 56, "img_name": "DSCF5806", "width": 3118, "height": 2078, "position": [-3.0108239925758356, -1.0191933191446474, 0.8989761324188182], "rotation": [[-0.27272097596891687, -0.4877908489518325, 0.8292667586159549], [0.6217675302467943, 0.5683969396422157, 0.5388228441112769], [-0.7341855403080092, 0.6625594363407817, 0.1482787433127974]], "fy": 3222.7010797592447, "fx": 3222.7010797592447}, {"id": 57, "img_name": "DSCF5818", "width": 3118, "height": 2078, "position": [-3.3502058321101584, -0.2357688963687172, 0.22213909106234767], "rotation": [[0.03466042244434586, -0.5150275835621855, 0.8564725583964002], [0.6481012136887188, 0.6639413196798924, 0.3730237805246906], [-0.760765056986182, 0.5421517427730164, 0.35680248860818203]], "fy": 3222.7010797592447, "fx": 3222.7010797592447}, {"id": 58, "img_name": "DSCF5831", "width": 3118, "height": 2078, "position": [-3.3060676370478794, 0.3847505485869872, -0.09369639307122067], "rotation": [[0.1719598708806862, -0.4494605631943231, 0.8765928387454117], [0.6739352714543457, 0.7026980489198956, 0.22809362536890265], [-0.7184991668028953, 0.5515438823676805, 0.4237431924247647]], "fy": 3222.7010797592447, "fx": 3222.7010797592447}, {"id": 59, "img_name": "DSCF5843", "width": 3118, "height": 2078, "position": [-2.809509053314928, 0.30360953688442294, -1.2498675149992085], "rotation": [[0.5113850203624204, -0.524933563379937, 0.6803896787769259], [0.5453340976838341, 0.8101344812951723, 0.21515771917354187], [-0.6641506477090008, 0.2610112569485149, 0.7005548093431881]], "fy": 3222.7010797592447, "fx": 3222.7010797592447}, {"id": 60, "img_name": "DSCF5856", "width": 3118, "height": 2078, "position": [-1.4755408591186039, -2.3318958184603265, 0.9580431817477539], "rotation": [[-0.8117367819389079, -0.3397933523374061, 0.4749988153193359], [0.5046365529781979, 0.0013216623549398058, 0.8633308766671682], [-0.29398188081197735, 0.9404991924057812, 0.17039930410164675]], "fy": 3222.7010797592447, "fx": 3222.7010797592447}]