[{"id": 0, "img_name": "IMG_4026", "width": 4032, "height": 3024, "position": [-1.6599846312353683, -1.598573513563884, -0.7208145278159425], "rotation": [[0.9980855076116464, 0.023508269399692874, -0.05720734887611428], [-0.020455667772086496, 0.9983651055132242, 0.053373043285604535], [0.05836852877707312, -0.05210064647775935, 0.996934620466658]], "fy": 3332.1046733496833, "fx": 3332.1046733496837}, {"id": 1, "img_name": "IMG_4031", "width": 4032, "height": 3024, "position": [6.622821351614184, -0.035245945469898475, 1.3229640596800663], "rotation": [[0.96842513157472, -0.011592687787445988, -0.24903488535614632], [0.01632290881818912, 0.99972330313977, 0.01693752659098801], [0.2487696267276197, -0.020467700143644442, 0.9683463977671578]], "fy": 3332.1046733496833, "fx": 3332.1046733496837}, {"id": 2, "img_name": "IMG_4040", "width": 4032, "height": 3024, "position": [6.857923918006917, 0.82950154410471, 1.688814242451726], "rotation": [[0.9571797508740352, -0.004184794130656618, -0.2894640081509343], [-0.00566620032176875, 0.9994331492872065, -0.033185452833586565], [0.2894387995598271, 0.033404604532019724, 0.9566134609681309]], "fy": 3332.1046733496833, "fx": 3332.1046733496837}, {"id": 3, "img_name": "IMG_4045", "width": 4032, "height": 3024, "position": [-2.137710714708451, 1.8635145587588178, 0.27505496392959705], "rotation": [[0.9981248487552559, -0.05929329807135142, -0.01520168086493471], [0.05877993897029306, 0.9977500663536216, -0.032244749432919675], [0.01707937563103734, 0.03129073177739734, 0.9993643905167369]], "fy": 3332.1046733496833, "fx": 3332.1046733496837}]